0 3
0 79
0 88
0 154
2 72
2 109
2 111
2 119
2 164
2 200
2 241
3 76
3 193
4 120
4 126
4 235
5 13
5 155
5 187
6 194
6 204
7 8
7 30
7 50
7 53
7 80
7 105
7 162
7 179
7 210
7 241
8 11
8 16
8 24
8 26
8 35
8 36
8 45
8 48
8 58
8 63
8 84
8 85
8 87
8 92
8 105
8 122
8 154
8 157
8 173
8 182
8 191
9 50
9 89
10 79
11 37
11 58
11 238
11 239
12 50
12 88
12 94
12 100
13 38
13 121
13 163
13 248
14 19
14 42
14 64
14 108
14 150
14 238
15 227
15 241
16 72
16 90
16 170
16 215
16 227
17 44
17 64
17 132
18 108
19 91
19 106
19 115
19 211
19 238
19 247
20 58
20 75
20 92
20 163
20 166
21 38
21 166
22 42
22 55
22 76
22 80
22 108
22 235
23 43
23 47
23 149
23 227
24 108
24 164
24 177
24 197
24 224
25 67
25 80
25 190
25 229
26 56
26 106
27 165
27 182
28 41
28 65
28 108
28 201
29 32
29 50
29 125
29 194
29 197
29 238
30 88
30 167
31 239
32 38
32 52
33 172
34 93
34 101
35 211
35 235
35 241
36 77
36 211
36 227
36 241
37 45
37 91
37 106
37 134
37 198
38 39
38 46
38 109
38 110
38 112
38 116
38 152
38 159
38 165
38 198
38 230
39 104
39 127
39 163
40 64
40 106
40 247
41 84
41 138
41 222
42 72
42 251
43 80
44 59
44 96
44 217
45 125
45 181
45 231
46 80
46 220
47 79
47 106
47 117
47 215
48 50
48 120
48 153
48 176
48 230
48 243
48 244
49 90
49 161
49 189
49 210
50 54
50 56
50 101
50 141
50 160
50 172
50 173
50 179
50 181
50 232
50 234
50 250
51 172
52 58
52 89
52 104
52 108
52 206
53 167
53 235
54 107
54 227
54 250
55 82
55 104
55 234
56 80
56 113
56 227
57 132
57 163
58 202
58 235
59 80
59 88
59 171
59 190
60 80
60 81
60 104
61 169
61 176
62 80
62 227
63 88
63 224
64 159
65 137
65 243
66 75
66 190
66 210
67 73
67 223
68 189
69 169
69 189
69 199
69 241
70 189
70 191
70 240
71 96
71 121
71 136
71 167
71 171
71 216
71 235
72 154
72 189
73 122
73 222
74 79
74 96
75 123
75 132
75 163
75 193
75 227
76 87
76 189
76 226
77 215
78 135
78 138
78 157
78 183
79 84
79 93
79 95
79 104
79 112
79 131
79 171
79 172
79 185
79 188
79 190
79 200
79 204
79 205
79 218
79 225
79 234
79 236
79 240
79 248
80 87
80 92
80 103
80 110
80 112
80 117
80 125
80 129
80 154
80 158
80 159
80 171
80 209
80 213
80 225
80 226
81 90
81 108
81 112
81 139
81 140
81 174
81 185
81 195
81 208
83 106
83 126
83 235
84 88
85 126
85 189
85 235
86 235
87 96
87 140
87 202
88 118
88 135
88 161
88 181
88 200
88 202
88 248
89 232
90 137
90 245
91 163
92 189
93 106
93 200
94 109
94 142
94 145
94 211
94 212
95 96
95 142
95 227
95 245
96 126
97 183
97 213
97 235
97 239
98 120
98 128
98 142
98 164
100 189
101 222
103 147
104 108
104 148
104 170
104 185
104 243
106 132
106 149
106 169
106 194
106 206
106 248
107 234
108 127
108 133
108 142
108 186
108 244
108 248
109 174
109 227
111 163
111 211
112 138
112 186
113 244
114 178
114 235
115 167
115 211
115 241
116 199
117 231
117 248
118 121
118 136
118 176
119 230
119 237
120 122
120 139
120 141
120 165
120 193
120 197
120 208
120 222
120 239
122 171
122 189
122 215
123 184
123 250
124 157
124 163
124 179
125 138
125 147
125 186
125 191
125 207
125 235
125 241
126 167
126 227
127 157
127 179
127 201
128 159
128 171
128 174
128 189
128 220
128 241
129 186
130 167
130 189
131 148
131 235
132 235
133 137
134 180
134 241
135 155
135 189
135 250
136 250
137 167
137 210
137 230
137 235
138 172
138 250
139 156
139 172
139 189
140 164
140 189
141 163
142 198
142 220
142 239
143 157
143 192
144 250
145 171
145 178
145 235
145 250
146 189
147 235
147 241
148 216
148 241
149 189
149 215
149 235
150 184
150 199
150 250
152 165
152 217
153 211
153 232
153 235
154 172
154 205
156 229
157 219
157 227
157 242
158 227
158 241
159 163
159 227
160 183
161 179
161 200
161 202
162 170
162 190
162 235
163 166
163 168
163 177
163 180
163 190
163 209
163 216
164 196
165 167
167 183
167 233
169 185
169 195
170 193
170 206
170 228
171 225
172 197
173 189
175 183
175 242
176 235
176 239
177 219
177 243
178 227
178 239
180 219
181 195
181 209
182 189
182 241
183 210
183 227
183 235
184 191
185 189
185 244
185 250
186 211
187 240
187 241
188 241
189 193
189 205
189 206
189 215
189 218
189 219
189 224
189 234
190 235
191 197
192 220
193 228
195 217
199 211
200 227
201 227
201 231
202 235
202 251
203 235
204 213
208 227
209 211
211 231
211 232
211 239
211 242
211 249
212 235
213 241
215 221
215 224
216 251
220 227
220 242
221 235
221 241
222 241
223 235
223 250
224 238
224 241
227 236
227 240
227 250
229 250
231 235
232 237
232 241
235 247
